3. Simule os algoritmos de ordenação por inserção, seleção e permutação (bubblesort) para
um vetor de inteiros com as seguintes chaves: 3, 13, 89, 34, 21, 44, 99, 56, 9

inserção:

-------------------------------------------------------------------------------------

seleção

	3, 13, 89, 34, 21, 44, 99, 56, 9
i = 0	3, 13, 89, 34, 21, 44, 99, 56, 9
i = 1	3, 9, 89, 34, 21, 44, 99, 56, 13
i = 2	3, 9, 13, 34, 21, 44, 99, 56, 89
i = 3	3, 9, 13, 21, 34, 44, 99, 56, 89
i = 4	3, 9, 13, 21, 34, 44, 99, 56, 89
i = 5	3, 9, 13, 21, 34, 44, 99, 56, 89
i = 6	3, 9, 13, 21, 34, 44, 99, 56, 89
i = 7	3, 9, 13, 21, 34, 44, 56, 99, 89
i = 8	3, 9, 13, 21, 34, 44, 56, 89, 99





------------------------------------------------------------------------------------

permutação (bubblesort):
i	j	aux	vetor[3,13,89,34,21,44,99,56,9]		n
0	0							9
	1
	2	89	vetor[3,13,34,89,21,44,99,56,9]
	3	89	vetor[3,13,34,21,89,44,99,56,9]
	4	89	vetor[3,13,34,21,44,89,99,56,9]
	5			
	6	99	vetor[3,13,34,21,44,89,56,99,9]
	7	99	vetor[3,13,34,21,44,89,56,9,99]
	8
1	0	
	1
	2	34	vetor[3,13,21,34,44,89,56,9,99]
	3
	4
	5	89	vetor[3,13,21,34,44,56,89,9,99]
	6	89	vetor[3,13,21,34,44,56,9,89,99]
	7
2	0
	1
	2
	3
	4
	5	56	vetor[3,13,21,34,44,9,56,89,99]
	6
3	0
	1
	2
	3
	4	44	vetor[3,13,21,34,9,44,56,89,99]
	5
4	0
	1
	2
	3	34	vetor[3,13,21,9,34,44,56,89,99]
	4
5	0
	1
	2	21	vetor[3,13,9,21,34,44,56,89,99]
	3
6	0
	1	13	vetor[3,9,13,21,34,44,56,89,99]
	2
7	0
	1
8

FINAL: vetor[3,9,13,21,34,44,56,89,99]

------------------------------------------------------------------------------------
	
